255 0 0
255 255 0
0 255 0
255 153 18
0 255 255
63 211 144
240 141 163
149 139 206
166 31 247
210 148 204
196 142 86
138 48 98
85 16 165
84 103 158
186 202 87
149 52 56
169 184 132
156 176 226
233 214 139
35 124 145
10 116 109
89 231 101
198 145 242
113 43 121
49 61 103
196 239 149
227 80 71
70 3 76
143 43 181
159 31 2
171 53 200
233 49 105
75 127 208
221 246 66
238 11 216
101 36 178
198 5 97
42 179 23
124 62 186
25 90 250
180 50 78
40 107 146
147 80 68
110 147 182
141 199 99
183 74 21
6 157 170
133 168 215
18 51 5
136 196 212
224 237 188
172 61 214
